learning_rate=0.00047133301013683256	weight_decay=0.04366486298290265	epochs=113
{'train': {'epoch': [10, 20, 30, 40, 50, 60, 70, 80, 90, 100, 110], 'accuracy': [0.036809778164125014, 0.036809778164125014, 0.036809778164125014, 0.036809778164125014, 0.036809778164125014, 0.036809778164125014, 0.036809778164125014, 0.036809778164125014, 0.036809778164125014, 0.036809778164125014, 0.036809778164125014], 'precision': [0.018404889082062507, 0.018404889082062507, 0.018404889082062507, 0.018404889082062507, 0.018404889082062507, 0.018404889082062507, 0.018404889082062507, 0.018404889082062507, 0.018404889082062507, 0.018404889082062507, 0.018404889082062507], 'recall': [0.5, 0.5, 0.5, 0.5, 0.5, 0.5, 0.5, 0.5, 0.5, 0.5, 0.5], 'f1': [0.03550292342854245, 0.03550292342854245, 0.03550292342854245, 0.03550292342854245, 0.03550292342854245, 0.03550292342854245, 0.03550292342854245, 0.03550292342854245, 0.03550292342854245, 0.03550292342854245, 0.03550292342854245], 'roc_auc': [0.5, 0.5, 0.5, 0.5, 0.5, 0.5, 0.5, 0.5, 0.5, 0.5, 0.5]}}
learning_rate=0.0001137907203618169	weight_decay=0.013691768237463984	epochs=97
{'train': {'epoch': [10, 20, 30, 40, 50, 60, 70, 80, 90], 'accuracy': [0.036809778164125014, 0.036809778164125014, 0.036809778164125014, 0.036809778164125014, 0.036809778164125014, 0.036809778164125014, 0.036809778164125014, 0.036809778164125014, 0.036809778164125014], 'precision': [0.018404889082062507, 0.018404889082062507, 0.018404889082062507, 0.018404889082062507, 0.018404889082062507, 0.018404889082062507, 0.018404889082062507, 0.018404889082062507, 0.018404889082062507], 'recall': [0.5, 0.5, 0.5, 0.5, 0.5, 0.5, 0.5, 0.5, 0.5], 'f1': [0.03550292342854245, 0.03550292342854245, 0.03550292342854245, 0.03550292342854245, 0.03550292342854245, 0.03550292342854245, 0.03550292342854245, 0.03550292342854245, 0.03550292342854245], 'roc_auc': [0.5, 0.5, 0.5, 0.5, 0.5, 0.5, 0.5, 0.5, 0.5]}}
learning_rate=0.02524174912697658	weight_decay=0.00553311757014139	epochs=148
{'train': {'epoch': [10, 20, 30, 40, 50, 60, 70, 80, 90, 100, 110, 120, 130, 140], 'accuracy': [0.036809778164125014, 0.036809778164125014, 0.036809778164125014, 0.036809778164125014, 0.036809778164125014, 0.036809778164125014, 0.036809778164125014, 0.036809778164125014, 0.036809778164125014, 0.036809778164125014, 0.036809778164125014, 0.036809778164125014, 0.036809778164125014, 0.036809778164125014], 'precision': [0.018404889082062507, 0.018404889082062507, 0.018404889082062507, 0.018404889082062507, 0.018404889082062507, 0.018404889082062507, 0.018404889082062507, 0.018404889082062507, 0.018404889082062507, 0.018404889082062507, 0.018404889082062507, 0.018404889082062507, 0.018404889082062507, 0.018404889082062507], 'recall': [0.5, 0.5, 0.5, 0.5, 0.5, 0.5, 0.5, 0.5, 0.5, 0.5, 0.5, 0.5, 0.5, 0.5], 'f1': [0.03550292342854245, 0.03550292342854245, 0.03550292342854245, 0.03550292342854245, 0.03550292342854245, 0.03550292342854245, 0.03550292342854245, 0.03550292342854245, 0.03550292342854245, 0.03550292342854245, 0.03550292342854245, 0.03550292342854245, 0.03550292342854245, 0.03550292342854245], 'roc_auc': [0.5, 0.5, 0.5, 0.5, 0.5, 0.5, 0.5, 0.5, 0.5, 0.5, 0.5, 0.5, 0.5, 0.5]}}
learning_rate=0.06516061510541735	weight_decay=0.07288074472928173	epochs=108
{'train': {'epoch': [10, 20, 30, 40, 50, 60, 70, 80, 90, 100], 'accuracy': [0.036809778164125014, 0.036809778164125014, 0.036809778164125014, 0.036809778164125014, 0.036809778164125014, 0.036809778164125014, 0.036809778164125014, 0.036809778164125014, 0.036809778164125014, 0.036809778164125014], 'precision': [0.018404889082062507, 0.018404889082062507, 0.018404889082062507, 0.018404889082062507, 0.018404889082062507, 0.018404889082062507, 0.018404889082062507, 0.018404889082062507, 0.018404889082062507, 0.018404889082062507], 'recall': [0.5, 0.5, 0.5, 0.5, 0.5, 0.5, 0.5, 0.5, 0.5, 0.5], 'f1': [0.03550292342854245, 0.03550292342854245, 0.03550292342854245, 0.03550292342854245, 0.03550292342854245, 0.03550292342854245, 0.03550292342854245, 0.03550292342854245, 0.03550292342854245, 0.03550292342854245], 'roc_auc': [0.5, 0.5, 0.5, 0.5, 0.5, 0.5, 0.5, 0.5, 0.5, 0.5]}}
learning_rate=0.0008599151633116657	weight_decay=0.012294846215196218	epochs=102
{'train': {'epoch': [10, 20, 30, 40, 50, 60, 70, 80, 90, 100], 'accuracy': [0.036809778164125014, 0.036809778164125014, 0.036809778164125014, 0.036809778164125014, 0.036809778164125014, 0.036809778164125014, 0.036809778164125014, 0.036809778164125014, 0.036809778164125014, 0.036809778164125014], 'precision': [0.018404889082062507, 0.018404889082062507, 0.018404889082062507, 0.018404889082062507, 0.018404889082062507, 0.018404889082062507, 0.018404889082062507, 0.018404889082062507, 0.018404889082062507, 0.018404889082062507], 'recall': [0.5, 0.5, 0.5, 0.5, 0.5, 0.5, 0.5, 0.5, 0.5, 0.5], 'f1': [0.03550292342854245, 0.03550292342854245, 0.03550292342854245, 0.03550292342854245, 0.03550292342854245, 0.03550292342854245, 0.03550292342854245, 0.03550292342854245, 0.03550292342854245, 0.03550292342854245], 'roc_auc': [0.5, 0.5, 0.5, 0.5, 0.5, 0.5, 0.5, 0.5, 0.5, 0.5]}}
learning_rate=0.00024960412292930384	weight_decay=0.0001582349263310261	epochs=149
{'train': {'epoch': [10, 20, 30, 40, 50, 60, 70, 80, 90, 100, 110, 120, 130, 140], 'accuracy': [0.036809778164125014, 0.036809778164125014, 0.036809778164125014, 0.036809778164125014, 0.036809778164125014, 0.036809778164125014, 0.036809778164125014, 0.036809778164125014, 0.036809778164125014, 0.036809778164125014, 0.036809778164125014, 0.036809778164125014, 0.036809778164125014, 0.036809778164125014], 'precision': [0.018404889082062507, 0.018404889082062507, 0.018404889082062507, 0.018404889082062507, 0.018404889082062507, 0.018404889082062507, 0.018404889082062507, 0.018404889082062507, 0.018404889082062507, 0.018404889082062507, 0.018404889082062507, 0.018404889082062507, 0.018404889082062507, 0.018404889082062507], 'recall': [0.5, 0.5, 0.5, 0.5, 0.5, 0.5, 0.5, 0.5, 0.5, 0.5, 0.5, 0.5, 0.5, 0.5], 'f1': [0.03550292342854245, 0.03550292342854245, 0.03550292342854245, 0.03550292342854245, 0.03550292342854245, 0.03550292342854245, 0.03550292342854245, 0.03550292342854245, 0.03550292342854245, 0.03550292342854245, 0.03550292342854245, 0.03550292342854245, 0.03550292342854245, 0.03550292342854245], 'roc_auc': [0.5, 0.5, 0.5, 0.5, 0.5, 0.5, 0.5, 0.5, 0.5, 0.5, 0.5, 0.5, 0.5, 0.5]}}
learning_rate=0.007749739004859559	weight_decay=0.009150078466816407	epochs=17
{'train': {'epoch': [10], 'accuracy': [0.036809778164125014], 'precision': [0.018404889082062507], 'recall': [0.5], 'f1': [0.03550292342854245], 'roc_auc': [0.5]}}
learning_rate=0.0051983803311136745	weight_decay=0.03284583780306676	epochs=196
{'train': {'epoch': [10, 20, 30, 40, 50, 60, 70, 80, 90, 100, 110, 120, 130, 140, 150, 160, 170, 180, 190], 'accuracy': [0.036809778164125014, 0.036809778164125014, 0.036809778164125014, 0.036809778164125014, 0.036809778164125014, 0.036809778164125014, 0.036809778164125014, 0.036809778164125014, 0.036809778164125014, 0.036809778164125014, 0.036809778164125014, 0.036809778164125014, 0.036809778164125014, 0.036809778164125014, 0.036809778164125014, 0.036809778164125014, 0.036809778164125014, 0.036809778164125014, 0.036809778164125014], 'precision': [0.018404889082062507, 0.018404889082062507, 0.018404889082062507, 0.018404889082062507, 0.018404889082062507, 0.018404889082062507, 0.018404889082062507, 0.018404889082062507, 0.018404889082062507, 0.018404889082062507, 0.018404889082062507, 0.018404889082062507, 0.018404889082062507, 0.018404889082062507, 0.018404889082062507, 0.018404889082062507, 0.018404889082062507, 0.018404889082062507, 0.018404889082062507], 'recall': [0.5, 0.5, 0.5, 0.5, 0.5, 0.5, 0.5, 0.5, 0.5, 0.5, 0.5, 0.5, 0.5, 0.5, 0.5, 0.5, 0.5, 0.5, 0.5], 'f1': [0.03550292342854245, 0.03550292342854245, 0.03550292342854245, 0.03550292342854245, 0.03550292342854245, 0.03550292342854245, 0.03550292342854245, 0.03550292342854245, 0.03550292342854245, 0.03550292342854245, 0.03550292342854245, 0.03550292342854245, 0.03550292342854245, 0.03550292342854245, 0.03550292342854245, 0.03550292342854245, 0.03550292342854245, 0.03550292342854245, 0.03550292342854245], 'roc_auc': [0.5, 0.5, 0.5, 0.5, 0.5, 0.5, 0.5, 0.5, 0.5, 0.5, 0.5, 0.5, 0.5, 0.5, 0.5, 0.5, 0.5, 0.5, 0.5]}}
learning_rate=0.032970290227111884	weight_decay=0.0632804807641231	epochs=41
{'train': {'epoch': [10, 20, 30, 40], 'accuracy': [0.036809778164125014, 0.036809778164125014, 0.036809778164125014, 0.036809778164125014], 'precision': [0.018404889082062507, 0.018404889082062507, 0.018404889082062507, 0.018404889082062507], 'recall': [0.5, 0.5, 0.5, 0.5], 'f1': [0.03550292342854245, 0.03550292342854245, 0.03550292342854245, 0.03550292342854245], 'roc_auc': [0.5, 0.5, 0.5, 0.5]}}
learning_rate=0.019078280981070676	weight_decay=0.06011081529633122	epochs=37
{'train': {'epoch': [10, 20, 30], 'accuracy': [0.036809778164125014, 0.036809778164125014, 0.036809778164125014], 'precision': [0.018404889082062507, 0.018404889082062507, 0.018404889082062507], 'recall': [0.5, 0.5, 0.5], 'f1': [0.03550292342854245, 0.03550292342854245, 0.03550292342854245], 'roc_auc': [0.5, 0.5, 0.5]}}
learning_rate=0.004165935568535701	weight_decay=0.007390183692269259	epochs=110
{'train': {'epoch': [10, 20, 30, 40, 50, 60, 70, 80, 90, 100, 110], 'accuracy': [0.036809778164125014, 0.036809778164125014, 0.036809778164125014, 0.036809778164125014, 0.036809778164125014, 0.036809778164125014, 0.036809778164125014, 0.036809778164125014, 0.036809778164125014, 0.036809778164125014, 0.036809778164125014], 'precision': [0.018404889082062507, 0.018404889082062507, 0.018404889082062507, 0.018404889082062507, 0.018404889082062507, 0.018404889082062507, 0.018404889082062507, 0.018404889082062507, 0.018404889082062507, 0.018404889082062507, 0.018404889082062507], 'recall': [0.5, 0.5, 0.5, 0.5, 0.5, 0.5, 0.5, 0.5, 0.5, 0.5, 0.5], 'f1': [0.03550292342854245, 0.03550292342854245, 0.03550292342854245, 0.03550292342854245, 0.03550292342854245, 0.03550292342854245, 0.03550292342854245, 0.03550292342854245, 0.03550292342854245, 0.03550292342854245, 0.03550292342854245], 'roc_auc': [0.5, 0.5, 0.5, 0.5, 0.5, 0.5, 0.5, 0.5, 0.5, 0.5, 0.5]}}
learning_rate=0.0005851116531007373	weight_decay=0.014136122791191244	epochs=1
{'train': {'epoch': [], 'accuracy': [], 'precision': [], 'recall': [], 'f1': [], 'roc_auc': []}}
learning_rate=0.011027235494580928	weight_decay=0.0001690016313672155	epochs=162
{'train': {'epoch': [10, 20, 30, 40, 50, 60, 70, 80, 90, 100, 110, 120, 130, 140, 150, 160], 'accuracy': [0.036809778164125014, 0.036809778164125014, 0.036809778164125014, 0.036809778164125014, 0.036809778164125014, 0.036809778164125014, 0.036809778164125014, 0.036809778164125014, 0.036809778164125014, 0.036809778164125014, 0.036809778164125014, 0.036809778164125014, 0.036809778164125014, 0.036809778164125014, 0.036809778164125014, 0.036809778164125014], 'precision': [0.018404889082062507, 0.018404889082062507, 0.018404889082062507, 0.018404889082062507, 0.018404889082062507, 0.018404889082062507, 0.018404889082062507, 0.018404889082062507, 0.018404889082062507, 0.018404889082062507, 0.018404889082062507, 0.018404889082062507, 0.018404889082062507, 0.018404889082062507, 0.018404889082062507, 0.018404889082062507], 'recall': [0.5, 0.5, 0.5, 0.5, 0.5, 0.5, 0.5, 0.5, 0.5, 0.5, 0.5, 0.5, 0.5, 0.5, 0.5, 0.5], 'f1': [0.03550292342854245, 0.03550292342854245, 0.03550292342854245, 0.03550292342854245, 0.03550292342854245, 0.03550292342854245, 0.03550292342854245, 0.03550292342854245, 0.03550292342854245, 0.03550292342854245, 0.03550292342854245, 0.03550292342854245, 0.03550292342854245, 0.03550292342854245, 0.03550292342854245, 0.03550292342854245], 'roc_auc': [0.5, 0.5, 0.5, 0.5, 0.5, 0.5, 0.5, 0.5, 0.5, 0.5, 0.5, 0.5, 0.5, 0.5, 0.5, 0.5]}}
learning_rate=0.010284034628524018	weight_decay=0.00026389502558126247	epochs=146
{'train': {'epoch': [10, 20, 30, 40, 50, 60, 70, 80, 90, 100, 110, 120, 130, 140], 'accuracy': [0.036809778164125014, 0.036809778164125014, 0.036809778164125014, 0.036809778164125014, 0.036809778164125014, 0.036809778164125014, 0.036809778164125014, 0.036809778164125014, 0.036809778164125014, 0.036809778164125014, 0.036809778164125014, 0.036809778164125014, 0.036809778164125014, 0.036809778164125014], 'precision': [0.018404889082062507, 0.018404889082062507, 0.018404889082062507, 0.018404889082062507, 0.018404889082062507, 0.018404889082062507, 0.018404889082062507, 0.018404889082062507, 0.018404889082062507, 0.018404889082062507, 0.018404889082062507, 0.018404889082062507, 0.018404889082062507, 0.018404889082062507], 'recall': [0.5, 0.5, 0.5, 0.5, 0.5, 0.5, 0.5, 0.5, 0.5, 0.5, 0.5, 0.5, 0.5, 0.5], 'f1': [0.03550292342854245, 0.03550292342854245, 0.03550292342854245, 0.03550292342854245, 0.03550292342854245, 0.03550292342854245, 0.03550292342854245, 0.03550292342854245, 0.03550292342854245, 0.03550292342854245, 0.03550292342854245, 0.03550292342854245, 0.03550292342854245, 0.03550292342854245], 'roc_auc': [0.5, 0.5, 0.5, 0.5, 0.5, 0.5, 0.5, 0.5, 0.5, 0.5, 0.5, 0.5, 0.5, 0.5]}}
learning_rate=0.013715960932972423	weight_decay=0.003008486303109248	epochs=49
{'train': {'epoch': [10, 20, 30, 40], 'accuracy': [0.036809778164125014, 0.036809778164125014, 0.036809778164125014, 0.036809778164125014], 'precision': [0.018404889082062507, 0.018404889082062507, 0.018404889082062507, 0.018404889082062507], 'recall': [0.5, 0.5, 0.5, 0.5], 'f1': [0.03550292342854245, 0.03550292342854245, 0.03550292342854245, 0.03550292342854245], 'roc_auc': [0.5, 0.5, 0.5, 0.5]}}
learning_rate=0.016742778135926215	weight_decay=0.03777575370462031	epochs=27
{'train': {'epoch': [10, 20], 'accuracy': [0.036809778164125014, 0.036809778164125014], 'precision': [0.018404889082062507, 0.018404889082062507], 'recall': [0.5, 0.5], 'f1': [0.03550292342854245, 0.03550292342854245], 'roc_auc': [0.5, 0.5]}}
learning_rate=0.06819483891032668	weight_decay=0.0014652924598510858	epochs=15
{'train': {'epoch': [10], 'accuracy': [0.036809778164125014], 'precision': [0.018404889082062507], 'recall': [0.5], 'f1': [0.03550292342854245], 'roc_auc': [0.5]}}
learning_rate=0.016944505632365887	weight_decay=0.035368091946876595	epochs=26
{'train': {'epoch': [10, 20], 'accuracy': [0.036809778164125014, 0.036809778164125014], 'precision': [0.018404889082062507, 0.018404889082062507], 'recall': [0.5, 0.5], 'f1': [0.03550292342854245, 0.03550292342854245], 'roc_auc': [0.5, 0.5]}}
learning_rate=0.012589225147755099	weight_decay=0.015062393125432968	epochs=156
{'train': {'epoch': [10, 20, 30, 40, 50, 60, 70, 80, 90, 100, 110, 120, 130, 140, 150], 'accuracy': [0.036809778164125014, 0.036809778164125014, 0.036809778164125014, 0.036809778164125014, 0.036809778164125014, 0.036809778164125014, 0.036809778164125014, 0.036809778164125014, 0.036809778164125014, 0.036809778164125014, 0.036809778164125014, 0.036809778164125014, 0.036809778164125014, 0.036809778164125014, 0.036809778164125014], 'precision': [0.018404889082062507, 0.018404889082062507, 0.018404889082062507, 0.018404889082062507, 0.018404889082062507, 0.018404889082062507, 0.018404889082062507, 0.018404889082062507, 0.018404889082062507, 0.018404889082062507, 0.018404889082062507, 0.018404889082062507, 0.018404889082062507, 0.018404889082062507, 0.018404889082062507], 'recall': [0.5, 0.5, 0.5, 0.5, 0.5, 0.5, 0.5, 0.5, 0.5, 0.5, 0.5, 0.5, 0.5, 0.5, 0.5], 'f1': [0.03550292342854245, 0.03550292342854245, 0.03550292342854245, 0.03550292342854245, 0.03550292342854245, 0.03550292342854245, 0.03550292342854245, 0.03550292342854245, 0.03550292342854245, 0.03550292342854245, 0.03550292342854245, 0.03550292342854245, 0.03550292342854245, 0.03550292342854245, 0.03550292342854245], 'roc_auc': [0.5, 0.5, 0.5, 0.5, 0.5, 0.5, 0.5, 0.5, 0.5, 0.5, 0.5, 0.5, 0.5, 0.5, 0.5]}}
